51
476
2
51
67
108
30
108
36
559
13
37
4
20
16
6
577
26
397
18
17
22
182
5
12
74
13
6
7
49
935
0
646
34
67
2
42
28
92
725
2589
28
17
670
2
65
26
35
200
159
225
286
22
106
139
6
110
15
21
1383
38
17
59
32
8
19
5
3
226
25
206
136
56
2
514
17
389
40
98
11
8
28
2
35
8
43
286
422
3
11
13
2582
0
0
3
118
118
400
400
177
177
114
33
33
33
207
204
66
66
66
25
25
81
81
3
3
126
126
2
39
39
104
101
5
5
3
3
9
9
2
2
206
14
310
304
5
192
16
4
8
10
8
11
2
4
0
2
91
2
74
4
12
114
3
0
131
3
225
45
94
144
963
5
98
71
262
316
0
84
3
414
388
1195
435
2
2
76
15
0
16
43
15
37
12
41
60
124
289
82
90
70
61
30
265
140
3
181
46
705
277
43
2
11
16
2
45
25
2374
103
56
