1462181630 0 0 1 0 0 0 0 0 0
1462187790 0 1 1 0 0 0 0 0 0
1462187811 0 2 1 0 0 0 0 0 0
1462187832 0 3 1 0 0 0 0 0 0
1462187949 0 4 1 0 0 0 0 0 0
1462190584 0 4 2 0 0 0 0 0 0
1462190995 0 4 3 0 0 0 0 0 0
1462291674 0 4 4 0 0 0 0 0 0
1462366464 0 5 4 0 0 0 0 0 0
1462366501 0 6 4 0 0 0 0 0 0
1462367299 0 7 4 0 0 0 0 0 0
1462367374 0 8 4 0 0 0 0 0 0
1462367553 0 9 4 0 0 0 0 0 0
1462543136 0 9 5 0 0 0 0 0 0
1462543145 0 10 5 0 0 0 0 0 0
1462543822 0 11 5 0 0 0 0 0 0
1462782354 0 12 5 0 0 0 0 0 0
1462783282 0 12 5 0 0 0 1 0 0
1462783618 0 12 5 0 0 0 1 1 0
1462783657 0 12 5 0 0 0 1 2 0
1462783916 0 13 5 0 0 0 1 2 0
1462783978 0 14 5 0 0 0 1 2 0
1462784068 0 15 5 0 0 0 1 2 0
1462785312 0 15 5 0 1 0 1 2 0
1462785417 1 15 5 0 1 0 1 2 0
1462785656 2 15 5 0 1 0 1 2 0
1462792395 2 16 5 0 1 0 1 2 0
1462792404 2 17 5 0 1 0 1 2 0
1462793814 2 17 5 0 2 0 1 2 0
1462793826 2 17 5 0 3 0 1 2 0
1462794115 2 17 5 0 3 0 2 2 0
1462794646 2 17 5 0 3 0 3 2 0
1462794655 2 17 5 0 3 0 4 2 0
1462794743 2 17 5 0 4 0 4 2 0
1462794872 2 17 5 0 4 0 5 2 0
1462796019 2 17 5 0 4 0 6 2 0
1462796758 2 17 5 0 4 0 7 2 0
1462796772 2 17 5 0 5 0 7 2 0
1462796785 2 17 5 0 6 0 7 2 0
1462799158 2 17 5 0 6 0 8 2 0
1462799261 2 17 5 0 6 0 9 2 0
1462799312 2 17 5 0 7 0 9 2 0
1462799980 2 17 5 0 8 0 9 2 0
1462800256 2 17 5 0 8 0 10 2 0
1462800807 2 17 5 0 9 0 10 2 0
1462803087 2 17 5 0 10 0 10 2 0
1462803109 2 17 5 0 10 0 11 2 0
1462803148 2 18 5 0 10 0 11 2 0
1462803163 2 19 5 0 10 0 11 2 0
1462803220 2 19 5 0 10 0 12 2 0
1462803249 2 19 5 0 10 0 13 2 0
1462803737 2 20 5 0 10 0 13 2 0
1462806923 2 20 5 0 11 0 13 2 0
1462807010 2 20 5 0 12 0 13 2 0
1462807632 2 20 5 0 13 0 13 2 0
1462809384 2 20 5 0 13 0 14 2 0
1462812785 2 20 6 0 13 0 14 2 0
1462813311 2 20 7 0 13 0 14 2 0
1462813327 2 20 8 0 13 0 14 2 0
1462881634 3 20 8 0 13 0 14 2 0
1462882247 4 20 8 0 13 0 14 2 0
1462891839 5 20 8 0 13 0 14 2 0
1462894280 5 20 8 0 13 0 15 2 0
1462895067 5 20 8 0 13 0 16 2 0
1462898546 5 20 9 0 13 0 16 2 0
1462901867 5 20 9 0 13 0 17 2 0
1462958187 5 20 10 0 13 0 17 2 0
1462964298 5 20 10 0 13 0 18 2 0
1462964320 5 20 10 0 13 0 19 2 0
1462971902 6 20 10 0 13 0 19 2 0
1462971936 7 20 10 0 13 0 19 2 0
1463042505 7 20 11 0 13 0 19 2 0
1463043724 7 20 12 0 13 0 19 2 0
1463043831 7 20 13 0 13 0 19 2 0
1463066135 7 20 13 0 13 0 20 2 0
1463170273 7 20 13 0 13 0 21 2 0
1463220409 7 20 13 0 13 0 22 2 0
1463224582 8 20 13 0 13 0 22 2 0
1463233088 8 20 13 0 13 0 23 2 0
1463238724 9 20 13 0 13 0 23 2 0
1463239100 10 20 13 0 13 0 23 2 0
1463407246 10 20 14 0 13 0 23 2 0
1463407396 10 20 15 0 13 0 23 2 0
1463407734 10 20 16 0 13 0 23 2 0
1463407854 10 20 17 0 13 0 23 2 0
1463408418 10 20 18 0 13 0 23 2 0
1463408511 10 20 18 0 13 0 24 2 0
1463408709 10 20 18 0 13 0 25 2 0
1463409652 10 20 19 0 13 0 25 2 0
1463409827 10 20 20 0 13 0 25 2 0
1463416860 10 20 21 0 13 0 25 2 0
1463416922 10 20 22 0 13 0 25 2 0
1463416946 10 20 23 0 13 0 25 2 0
1463417042 10 20 24 0 13 0 25 2 0
1463417097 10 20 25 0 13 0 25 2 0
1463421292 10 20 26 0 13 0 25 2 0
1463421461 10 20 27 0 13 0 25 2 0
1463421564 10 20 28 0 13 0 25 2 0
1463421768 10 20 29 0 13 0 25 2 0
1463422160 10 20 30 0 13 0 25 2 0
1463422528 10 20 31 0 13 0 25 2 0
1463422701 10 20 32 0 13 0 25 2 0
1463422872 10 20 33 0 13 0 25 2 0
1463423289 10 20 34 0 13 0 25 2 0
1463423495 10 20 35 0 13 0 25 2 0
1463423524 10 20 36 0 13 0 25 2 0
1463423551 10 20 37 0 13 0 25 2 0
1463423882 10 20 38 0 13 0 25 2 0
1463424064 10 20 39 0 13 0 25 2 0
1463426527 10 20 40 0 13 0 25 2 0
1463486485 10 20 40 0 13 0 25 4 0
1463487422 10 20 40 0 13 0 26 4 0
1463488908 11 20 40 0 13 0 26 4 0
1463488911 11 20 40 0 13 0 28 4 0
1463488945 13 20 40 0 13 0 28 4 0
1463489989 13 20 42 0 13 0 28 4 0
1463490037 13 20 44 0 13 0 28 4 0
1463490546 13 20 46 0 13 0 28 4 0
1463491065 13 20 48 0 13 0 28 4 0
1463491886 15 20 48 0 13 0 28 4 0
1463491999 17 20 48 0 13 0 28 4 0
1463494561 19 20 48 0 13 0 28 4 0
1463562366 19 20 48 0 13 0 31 4 0
1463562406 19 20 48 0 13 0 34 4 0
1463571892 21 20 48 0 13 0 34 4 0
1463572029 21 20 48 0 13 0 37 4 0
1463578369 23 20 48 0 13 0 37 4 0
1463581765 23 20 48 0 13 0 37 4 2
1463581797 23 20 48 0 13 0 37 4 4
1463582248 23 20 48 0 13 0 40 4 4
1463582250 23 22 48 0 13 0 40 4 4
1463583124 23 22 48 0 13 0 43 4 4
1463584783 23 22 48 0 13 0 46 4 4
1463665586 23 25 48 0 13 0 46 4 4
1463667979 23 25 48 0 13 0 48 4 4
1463733788 25 25 48 0 13 0 48 4 4
1463734336 27 25 48 0 13 0 48 4 4
1463745461 27 25 48 0 13 0 50 4 4
1463745571 27 26 48 0 13 0 50 4 4
1463747216 27 26 48 0 13 0 52 4 4
1463748282 27 26 48 0 13 0 53 4 4
1463751047 27 27 48 0 13 0 53 4 4
1463751284 27 28 48 0 13 0 53 4 4
1463751378 27 29 48 0 13 0 53 4 4
1463751529 27 30 54 0 13 0 53 4 4
1463751649 27 30 55 0 13 0 53 4 4
1463752246 27 30 55 0 13 1 53 4 4
1463753017 27 31 55 0 13 1 53 4 4
1463753386 27 31 55 0 13 2 53 4 4
1463753398 27 31 55 0 13 3 53 4 4
1463754159 28 31 55 0 13 3 53 4 4
1463754278 29 31 55 0 13 3 53 4 4
1463754932 29 31 55 0 13 4 53 4 4
1463754944 29 31 55 0 13 5 53 4 4
1463755637 29 31 55 0 13 6 53 4 4
1463755660 29 31 56 0 13 6 53 4 4
1463755810 29 31 56 0 13 7 53 4 4
1463756205 30 31 56 0 13 7 53 4 4
1463757026 31 31 56 0 13 7 53 4 4
1463774075 31 31 56 0 13 8 53 4 4
1463779127 32 31 56 0 13 8 53 4 4
1463779972 33 31 56 0 13 8 53 4 4
1463822475 33 31 57 0 13 8 53 4 4
1463829814 34 31 57 0 13 8 53 4 4
1463829896 35 31 57 0 13 8 53 4 4
1463836455 35 32 57 0 13 8 53 4 4
1463839531 35 32 57 0 13 9 53 4 4
1463839977 35 33 57 0 13 9 53 4 4
1463840085 35 34 57 0 13 9 53 4 4
1463840641 35 34 57 0 13 10 53 4 4
1463840728 35 35 57 0 13 10 53 4 4
1463840771 35 36 57 0 13 10 53 4 4
1463846567 36 36 57 0 13 10 53 4 4
1463846573 37 36 57 0 13 10 53 4 4
1463846822 38 36 57 0 13 10 53 4 4
1463851741 39 36 57 0 13 10 53 4 4
1463851746 40 36 57 0 13 10 53 4 4
1463851806 41 36 57 0 13 10 53 4 4
1463852354 42 36 57 0 13 10 53 4 4
1463852877 42 36 57 0 13 11 53 4 4
1463852896 42 36 57 0 13 12 53 4 4
1463852898 42 36 57 0 13 13 53 4 4
1463853034 42 36 57 0 13 14 53 4 4
1463853284 42 36 57 0 13 15 53 4 4
1463854234 43 36 57 0 13 15 53 4 4
1463854410 43 36 58 0 13 15 53 4 4
1463861520 43 36 58 0 13 16 53 4 4
1463861525 43 36 58 0 13 17 53 4 4
1463864089 43 36 58 0 13 18 53 4 4
1463864357 43 36 58 0 13 19 53 4 4
1463867786 44 36 58 0 13 19 53 4 4
1463867823 44 36 58 0 13 20 53 4 4
1463868142 44 36 58 0 13 21 53 4 4
1463870090 44 36 58 0 13 22 53 4 4
1463874618 44 36 59 0 13 22 53 4 4
1463874870 44 36 60 0 13 22 53 4 4
1463875016 44 36 61 0 13 22 53 4 4
1463875991 44 36 62 0 13 22 53 4 4
1463906659 44 36 62 1 13 22 53 4 4
1463908636 44 36 62 2 13 22 53 4 4
1463919480 44 36 62 2 13 23 53 4 4
1463919553 45 36 62 2 13 23 53 4 4
1463919900 45 36 62 2 13 24 53 4 4
1463919976 46 36 62 2 13 24 53 4 4
1463920067 47 36 62 2 13 24 53 4 4
1463922561 47 36 62 2 14 24 53 4 4
1463922589 47 36 62 2 15 24 53 4 4
1463924434 47 37 62 2 15 24 53 4 4
1463924826 47 38 62 2 15 24 53 4 4
1463926277 47 38 62 3 15 24 53 4 4
1463926310 47 38 62 4 15 24 53 4 4
1463926602 47 38 62 4 15 25 53 4 4
1463926610 47 38 62 4 15 26 53 4 4
1463927977 47 39 62 4 15 26 53 4 4
1463928256 47 39 62 4 15 27 53 4 4
1463928280 47 40 62 4 15 27 53 4 4
1463929035 47 41 62 4 15 27 53 4 4
1463929133 47 42 62 4 15 27 53 4 4
1463929330 47 43 62 4 15 27 53 4 4
1463929372 48 43 62 4 15 27 53 4 4
1463929423 48 44 62 4 15 27 53 4 4
1463929436 48 45 62 4 15 27 53 4 4
1463929676 49 45 62 4 15 27 53 4 4
1463929707 50 45 62 4 15 27 53 4 4
1463929731 50 45 62 4 15 28 53 4 4
1463929755 50 45 62 4 15 29 53 4 4
1463931376 50 45 62 4 15 30 53 4 4
1463932801 50 46 62 4 15 30 53 4 4
1463933934 50 47 62 4 15 30 53 4 4
1463934771 50 47 62 4 16 30 53 4 4
1463934838 50 47 62 4 17 30 53 4 4
1463935146 50 47 62 4 17 31 53 4 4
1463935154 50 47 62 4 17 32 53 4 4
1463936062 50 47 62 5 17 32 53 4 4
1463936118 50 47 62 6 17 32 53 4 4
1463936165 50 47 62 7 17 32 53 4 4
1463936272 50 47 62 8 17 32 53 4 4
1463936387 51 47 62 8 17 32 53 4 4
1463936446 51 48 62 8 17 32 53 4 4
1463936920 52 48 62 8 17 32 53 4 4
1463936961 53 48 62 8 17 32 53 4 4
1463937150 53 49 62 8 17 32 53 4 4
1463937321 53 50 62 8 17 32 53 4 4
1463937535 53 50 63 8 17 32 53 4 4
1463941525 53 50 63 8 18 32 53 4 4
1463941540 53 50 63 8 19 32 53 4 4
1463942501 53 50 63 8 19 33 53 4 4
1463942706 54 50 63 8 19 33 53 4 4
1463943040 55 50 63 8 19 33 53 4 4
1463947913 55 50 64 8 19 33 53 4 4
1463947926 55 50 65 8 19 33 53 4 4
1463948475 55 50 65 8 20 33 53 4 4
1463948499 55 50 65 8 21 33 53 4 4
1463949050 55 50 66 8 21 33 53 4 4
1463949404 55 50 66 8 22 33 53 4 4
1463949416 55 50 66 8 23 33 53 4 4
1463949955 55 50 66 8 24 33 53 4 4
1463950946 55 50 67 8 24 33 53 4 4
1463951312 55 50 68 8 24 33 53 4 4
1463951445 55 50 69 8 24 33 53 4 4
1463951941 55 50 69 8 25 33 53 4 4
1463951959 55 50 69 8 26 33 53 4 4
1463955891 55 50 70 8 26 33 53 4 4
1463956197 56 50 70 8 26 33 53 4 4
1463956436 57 50 70 8 26 33 53 4 4
1463957071 58 50 70 8 26 33 53 4 4
1463960009 58 51 70 8 26 33 53 4 4
1464009517 58 51 70 8 26 34 53 4 4
1464009630 59 51 70 8 26 34 53 4 4
1464009818 59 51 70 8 26 35 53 4 4
1464009865 59 51 70 8 26 36 53 4 4
1464011784 59 51 70 8 26 37 53 4 4
1464012307 60 51 70 8 26 37 53 4 4
1464012837 60 51 70 8 27 37 53 4 4
1464012844 60 51 70 8 28 37 53 4 4
1464013017 61 51 70 8 28 37 53 4 4
1464013033 61 51 70 8 28 38 53 4 4
1464013151 61 51 70 8 29 38 53 4 4
1464013167 61 51 70 8 30 38 53 4 4
1464013382 62 51 70 8 30 38 53 4 4
1464013476 63 51 70 8 30 38 53 4 4
1464016585 63 51 70 8 30 39 53 4 4
1464016629 63 51 70 8 30 40 53 4 4
1464033064 63 51 70 9 30 40 53 4 4
1464034133 63 51 70 10 30 40 53 4 4
1464035466 63 52 70 10 30 40 53 4 4
1464036626 63 52 70 11 30 40 53 4 4
1464037342 63 52 70 12 30 40 53 4 4
1464037381 64 52 70 12 30 40 53 4 4
1464037463 64 52 70 12 30 41 53 4 4
1464037474 64 52 70 12 30 42 53 4 4
1464081847 64 52 70 12 31 42 53 4 4
1464081870 64 52 70 12 32 42 53 4 4
1464082062 65 52 70 12 32 42 53 4 4
1464082219 66 52 70 12 32 42 53 4 4
1464082472 67 52 70 12 32 42 53 4 4
1464086842 67 52 70 13 32 42 53 4 4
1464086903 67 52 70 14 32 42 53 4 4
1464087176 67 53 70 14 32 42 53 4 4
1464087453 67 54 70 14 32 42 53 4 4
1464088044 67 55 70 14 32 42 53 4 4
1464088752 67 55 71 14 32 42 53 4 4
1464088800 67 56 71 14 32 42 53 4 4
1464089557 67 57 71 14 32 42 53 4 4
1464089771 67 58 71 14 35 42 53 4 4
1464090636 67 58 71 14 36 42 53 4 4
1464090722 67 58 71 15 36 42 53 4 4
1464092791 67 58 72 15 36 42 53 4 4
1464092988 67 58 72 16 37 42 53 4 4
1464092994 67 58 72 16 38 42 53 4 4
1464093011 67 58 72 17 38 42 53 4 4
1464093048 67 58 72 18 38 42 53 4 4
1464094867 67 58 72 18 38 43 53 4 4
1464094879 67 58 73 18 38 44 53 4 4
1464094905 67 58 73 18 39 44 53 4 4
1464095161 67 58 73 19 39 44 53 4 4
1464095202 67 58 73 20 39 44 53 4 4
1464097271 67 58 73 20 39 45 53 4 4
1464098854 68 68 75 20 39 45 53 4 4
1464100675 68 68 77 20 39 45 53 4 4
1464102163 70 68 77 20 39 45 53 4 4
1464102726 70 70 77 20 39 45 53 4 4
1464102744 70 72 77 20 39 45 53 4 4
1464104158 70 72 77 21 39 45 53 4 4
1464104202 70 72 77 23 39 45 53 4 4
1464104242 72 72 77 23 39 45 53 4 4
1464104277 74 72 77 23 39 45 53 4 4
1464104629 74 72 77 25 39 45 53 4 4
1464105129 74 72 77 27 39 45 53 4 4
1464105653 74 73 77 27 39 45 53 4 4
1464106271 74 73 77 27 41 45 53 4 4
1464106295 76 73 77 27 41 45 53 4 4
1464106717 76 73 77 27 43 45 53 4 4
1464106839 76 73 77 27 45 45 53 4 4
1464107455 78 73 77 27 45 45 53 4 4
1464107482 78 73 77 29 45 45 53 4 4
1464107518 80 73 77 29 45 45 53 4 4
1464107684 80 73 77 31 45 45 53 4 4
1464107725 80 73 77 33 45 45 53 4 4
1464107741 82 73 77 33 45 45 53 4 4
1464107762 84 73 77 33 45 45 53 4 4
1464108829 84 73 79 33 45 45 53 4 4
1464109235 84 73 79 33 45 47 53 4 4
1464109444 86 73 79 33 45 47 53 4 4
1464109630 88 73 79 33 45 47 53 4 4
1464109783 88 73 79 33 45 49 53 4 4
1464109791 88 74 79 33 45 49 53 4 4
1464109796 88 74 79 33 45 51 53 4 4
1464110082 88 74 79 33 47 51 53 4 4
1464110106 88 74 79 35 47 51 53 4 4
1464110133 88 75 79 35 47 51 53 4 4
1464110253 88 75 79 37 47 51 53 4 4
1464111665 88 75 79 39 47 51 53 4 4
1464118389 88 76 79 39 47 51 53 4 4
1464124630 88 76 81 39 47 51 53 4 4
1464125475 88 76 83 39 47 51 53 4 4
1464127794 88 76 85 39 47 51 53 4 4
1464128413 90 76 85 39 47 51 53 4 4
1464185177 90 76 86 39 47 51 53 4 4
1464185802 90 76 87 39 47 51 53 4 4
1464186894 90 76 87 39 47 52 53 4 4
1464188334 90 76 88 39 47 52 53 4 4
1464188353 90 76 89 39 47 52 53 4 4
1464192331 91 76 89 39 47 52 53 4 4
1464193546 92 76 89 39 47 52 53 4 4
1464193758 92 77 89 39 47 52 53 4 4
1464193957 92 78 89 39 47 52 53 4 4
1464193985 92 79 89 39 47 52 53 4 4
1464194170 93 79 89 39 47 52 53 4 4
1464194425 94 79 89 39 47 52 53 4 4
1464196845 94 79 90 39 47 52 53 4 4
1464196883 94 79 90 40 47 52 53 4 4
1464197353 94 80 90 40 47 52 53 4 4
1464197397 95 80 90 40 47 52 53 4 4
1464197427 95 80 90 41 47 52 53 4 4
1464197440 95 80 90 42 47 52 53 4 4
1464198182 95 80 90 43 47 52 53 4 4
1464198291 95 80 90 44 47 52 53 4 4
1464198541 96 80 90 44 47 52 53 4 4
1464198579 97 80 90 44 47 52 53 4 4
1464203458 97 80 90 45 47 52 53 4 4
1464203483 97 80 90 46 47 52 53 4 4
1464206055 97 80 90 46 47 53 53 4 4
1464206113 97 82 90 46 47 54 53 4 4
1464207330 98 82 90 46 47 54 53 4 4
1464207415 99 82 90 46 47 54 53 4 4
1464208980 99 82 91 46 47 54 53 4 4
1464209848 99 82 92 46 47 54 53 4 4
1464211529 100 82 92 46 47 54 53 4 4
1464212513 100 82 92 46 47 55 53 4 4
1464212796 100 82 92 46 47 56 53 4 4
1464212801 100 82 92 46 47 57 53 4 4
1464212982 101 82 92 46 47 57 53 4 4
1464213010 102 82 92 46 47 57 53 4 4
1464253481 103 82 92 46 47 57 53 4 4
1464254935 103 82 92 47 47 57 53 4 4
1464255847 104 82 92 47 47 57 53 4 4
1464255857 105 82 92 47 47 57 53 4 4
1464255975 105 82 92 48 47 57 53 4 4
1464255981 106 82 92 48 47 57 53 4 4
1464255999 106 82 92 49 47 57 53 4 4
1464262936 106 82 92 50 47 57 53 4 4
1464264406 106 82 92 50 47 58 53 4 4
1464264415 106 82 92 50 47 59 53 4 4
1464264438 107 82 92 50 47 59 53 4 4
1464265457 108 82 92 50 47 59 53 4 4
1464265570 108 82 92 50 47 60 53 4 4
1464265594 109 82 92 50 47 60 53 4 4
1464266937 109 82 92 50 47 61 53 4 4
1464266956 110 82 92 50 47 61 53 4 4
1464267832 111 82 92 50 47 61 53 4 4
1464268214 111 82 92 50 47 62 53 4 4
1464268224 111 82 92 50 47 63 53 4 4
1464269022 111 82 92 50 47 64 53 4 4
1464269044 111 82 92 50 47 65 53 4 4
1464269210 111 82 92 50 47 66 53 4 4
1464269831 112 82 92 50 47 66 53 4 4
1464280718 112 82 92 51 47 66 53 4 4
1464291849 112 82 92 51 47 67 53 4 4
1464291884 112 82 92 51 47 68 53 4 4
1464347432 112 82 92 51 48 68 53 4 4
1464347662 112 82 92 52 48 68 53 4 4
1464348238 113 82 92 52 48 68 53 4 4
1464348551 113 82 92 53 48 68 53 4 4
1464348576 113 82 92 54 48 68 53 4 4
1464348732 113 83 92 54 48 68 53 4 4
1464348775 113 84 92 54 48 68 53 4 4
1464350049 113 84 93 54 48 68 53 4 4
1464350151 114 84 93 54 48 68 53 4 4
1464350193 114 84 94 54 48 68 53 4 4
1464350848 114 84 95 54 48 68 53 4 4
1464351209 115 84 95 54 48 68 53 4 4
1464353550 115 84 95 55 48 68 53 4 4
1464353565 115 84 95 56 48 68 53 4 4
1464353872 116 84 95 56 48 68 53 4 4
1464354416 116 85 95 56 48 68 53 4 4
1464354472 117 85 95 56 48 68 53 4 4
1464354725 117 86 95 56 48 68 53 4 4
1464355593 117 86 95 56 49 68 53 4 4
1464355788 118 86 95 56 49 68 53 4 4
1464355824 119 86 95 56 49 68 53 4 4
1464357791 119 86 95 57 49 68 53 4 4
1464359906 120 86 95 57 49 68 53 4 4
1464360447 120 86 95 57 50 68 53 4 4
1464360464 120 86 95 57 51 68 53 4 4
1464362126 120 86 95 58 51 68 53 4 4
1464362154 120 86 95 59 51 68 53 4 4
1464363578 121 86 95 59 51 68 53 4 4
1464365432 121 86 95 60 51 68 53 4 4
1464366747 121 86 96 60 52 68 53 4 4
1464366886 121 86 96 60 53 68 53 4 4
1464367135 121 86 96 61 53 68 53 4 4
1464367172 121 86 96 62 53 68 53 4 4
1464368070 122 86 96 62 53 68 53 4 4
1464368106 122 86 96 62 53 68 53 5 4
1464368114 122 86 96 62 53 68 53 6 4
1464368138 123 86 96 62 53 68 53 6 4
1464368280 124 86 96 62 53 68 53 6 4
1464369323 125 86 96 62 53 68 53 6 4
1464369779 126 86 96 62 53 68 53 6 4
1464369841 127 86 96 62 54 68 53 6 4
1464370835 128 86 96 62 54 68 53 6 4
1464370872 129 86 96 62 54 68 53 6 4
1464371146 130 86 96 62 54 68 53 6 4
1464371403 131 86 96 62 54 68 53 6 4
1464372201 131 86 96 63 54 68 53 6 4
1464372229 131 86 96 64 54 68 53 6 4
1464372700 131 86 96 64 54 68 53 7 4
1464373941 131 86 96 64 54 68 53 8 4
1464377105 131 86 96 64 55 68 53 8 4
1464377576 131 86 96 64 56 68 53 8 4
1464377924 131 86 96 65 56 68 53 8 4
1464377950 131 86 96 66 56 68 53 8 4
1464378148 132 86 96 66 56 68 53 8 4
1464378697 133 86 96 66 56 68 53 8 4
1464380484 133 86 97 66 56 68 53 8 4
1464380908 133 86 97 67 56 68 53 8 4
1464381090 133 86 97 68 56 68 53 8 4
1464381255 133 86 98 68 56 68 53 8 4
1464385216 133 86 98 69 56 68 53 8 4
1464425122 133 86 98 69 57 68 53 8 4
1464425128 133 86 98 69 58 68 53 8 4
1464428301 134 86 98 69 58 68 53 8 4
1464428522 134 86 98 70 58 68 53 8 4
1464429269 135 86 98 70 58 68 53 8 4
1464429297 136 86 98 70 58 68 53 8 4
1464437735 136 86 98 70 59 68 53 8 4
1464438486 136 86 98 70 60 68 53 8 4
1464438763 136 86 98 71 60 68 53 8 4
1464440653 136 86 98 71 61 68 53 8 4
1464440788 136 86 98 72 61 68 53 8 4
1464441035 136 86 98 72 62 68 53 8 4
1464441390 136 87 98 72 62 68 53 8 4
1464441405 136 88 98 72 62 68 53 8 4
1464441574 136 88 98 72 63 68 53 8 4
1464442631 137 88 98 72 63 68 53 8 4
1464443171 138 88 98 72 63 68 53 8 4
1464443337 138 88 98 72 64 68 53 8 4
1464443364 138 88 98 72 65 68 53 8 4
1464445573 138 88 98 72 66 68 53 8 4
1464445593 138 88 98 73 66 68 53 8 4
1464446093 138 88 98 73 67 68 53 8 4
1464446104 138 88 98 74 67 68 53 8 4
1464446129 138 88 98 75 67 68 53 8 4
1464451429 138 89 98 75 67 68 53 8 4
1464451469 138 90 98 75 67 68 53 8 4
1464452320 138 90 98 76 67 68 53 8 4
1464452354 138 90 98 77 67 68 53 8 4
1464453595 138 90 99 77 67 68 53 8 4
1464455575 138 91 99 77 67 68 53 8 4
1464461574 139 91 99 77 67 68 53 8 4
1464461667 140 91 99 77 67 68 53 8 4
1464464123 141 91 99 77 67 68 53 8 4
1464466063 142 91 99 77 67 68 53 8 4
1464466289 142 91 99 78 67 68 53 8 4
1464466314 142 91 99 79 67 68 53 8 4
1464466751 142 91 99 79 68 68 53 8 4
1464466885 142 91 99 79 69 68 53 8 4
1464467494 142 91 99 79 70 68 53 8 4
1464468482 142 91 99 80 70 68 53 8 4
1464468543 142 91 99 81 70 68 53 8 4
1464469177 142 91 100 81 70 68 53 8 4
1464469659 142 91 100 81 71 68 53 8 4
1464469716 142 91 100 82 71 68 53 8 4
1464470041 142 91 100 83 71 68 53 8 4
1464470666 143 91 100 83 71 68 53 8 4
1464472050 143 91 100 84 71 68 53 8 4
1464472778 143 91 100 85 71 68 53 8 4
1464473468 144 91 100 85 71 68 53 8 4
1464473725 144 91 100 85 71 69 53 8 4
1464473873 144 91 100 85 72 69 53 8 4
1464474125 145 91 100 85 72 69 53 8 4
1464474137 146 91 100 85 72 69 53 8 4
1464474429 147 91 100 85 72 69 53 8 4
1464475297 147 91 100 86 72 69 53 8 4
1464475347 147 92 100 86 72 69 53 8 4
1464475558 147 92 100 87 72 69 53 8 4
1464475799 147 92 100 87 72 70 53 8 4
1464475809 147 92 100 87 72 71 53 8 4
1464475844 148 92 100 87 72 71 53 8 4
1464476099 148 92 101 87 72 71 53 8 4
1464476897 148 92 101 88 72 71 53 8 4
1464476923 149 92 101 88 72 71 53 8 4
1464477063 149 93 101 88 72 71 53 8 4
1464511063 150 93 101 88 72 71 53 8 4
1464512801 150 93 102 88 72 71 53 8 4
1464520573 151 93 102 88 72 71 53 8 4
1464523518 151 93 103 88 72 71 53 8 4
1464523642 151 93 104 88 72 71 53 8 4
1464524034 152 93 104 88 72 71 53 8 4
1464524655 152 93 104 89 72 71 53 8 4
1464524752 152 93 104 90 72 71 53 8 4
1464525105 152 93 105 90 74 71 53 8 4
1464526398 152 93 105 90 75 71 53 8 4
1464527046 152 93 105 90 75 72 53 8 4
1464527067 153 93 105 90 75 72 53 8 4
1464527800 154 93 105 90 75 72 53 8 4
1464527827 154 93 105 91 75 72 53 8 4
1464528735 154 93 105 92 75 72 53 8 4
1464528924 154 93 105 93 75 72 53 8 4
1464530564 154 93 106 93 75 72 53 8 4
1464530604 155 93 106 93 75 72 53 8 4
1464530696 155 94 106 93 75 72 53 8 4
1464530809 155 94 106 93 75 73 53 8 4
1464530845 156 94 106 93 75 73 53 8 4
1464530974 156 94 106 94 75 73 53 8 4
1464531150 156 94 106 94 75 74 53 8 4
1464531590 157 94 106 94 75 74 53 8 4
1464531608 157 94 106 95 75 74 53 8 4
1464531672 157 95 106 95 75 74 53 8 4
1464531791 157 96 106 95 75 74 53 8 4
1464532323 157 97 106 95 75 74 53 8 4
1464535239 157 97 106 96 75 74 53 8 4
1464535358 157 97 106 97 75 74 53 8 4
1464535398 158 97 106 97 75 74 53 8 4
1464536540 159 97 106 97 75 74 53 8 4
1464536568 159 97 106 97 75 75 53 8 4
1464536939 160 97 106 97 75 75 53 8 4
1464536950 160 98 106 97 75 75 53 8 4
1464536955 160 98 106 97 75 76 53 8 4
1464536963 160 99 106 97 75 76 53 8 4
1464537118 160 99 106 97 75 77 53 8 4
1464540179 161 99 106 97 75 77 53 8 4
1464540212 161 99 106 97 75 78 53 8 4
1464540741 161 99 106 97 78 79 53 8 4
1464541781 161 99 106 97 79 79 53 8 4
1464545097 161 99 107 97 79 79 53 8 4
1464546520 161 100 107 97 79 79 53 8 4
1464546599 161 101 107 97 79 79 53 8 4
1464546713 161 102 107 97 79 79 53 8 4
1464546737 161 103 107 97 79 79 53 8 4
1464546763 161 104 107 97 79 79 53 8 4
1464546783 161 105 107 97 79 79 53 8 4
1464546925 161 105 107 97 80 79 53 8 4
1464547272 161 105 107 97 81 79 53 8 4
1464547562 161 105 107 98 81 79 53 8 4
1464547894 161 105 107 99 81 79 53 8 4
1464547907 161 105 108 99 81 79 53 8 4
1464548129 161 105 108 99 81 80 53 8 4
1464548180 162 105 108 99 81 80 53 8 4
1464548491 162 105 108 99 82 80 53 8 4
1464548502 162 105 108 100 82 80 53 8 4
1464550567 162 105 108 100 83 80 53 8 4
1464552253 163 105 108 100 83 80 53 8 4
1464554002 164 105 108 100 83 80 53 8 4
1464554011 164 105 108 100 84 80 53 8 4
1464554212 165 105 108 100 84 80 53 8 4
1464554444 165 105 108 101 84 80 53 8 4
1464554514 165 105 108 102 84 80 53 8 4
1464554967 165 105 108 102 84 81 53 8 4
1464556303 165 105 108 102 85 81 53 8 4
1464556423 165 106 108 102 85 81 53 8 4
1464556562 165 107 108 102 85 81 53 8 4
1464556926 165 107 108 102 86 81 53 8 4
1464556984 165 108 108 102 86 81 53 8 4
1464557450 165 109 108 102 86 81 53 8 4
1464558687 165 109 108 102 87 81 53 8 4
1464559728 165 110 108 102 87 81 53 8 4
1464559902 165 110 108 102 88 81 53 8 4
1464563008 166 110 108 102 88 81 53 8 4
1464563348 167 110 108 102 88 81 53 8 4
1464564187 168 110 108 102 88 81 53 8 4
1464564861 168 111 108 102 88 81 53 8 4
1464565079 168 112 108 102 88 81 53 8 4
1464600576 169 112 108 102 88 81 53 8 4
1464607113 169 112 108 103 88 81 53 8 4
1464614531 169 113 108 103 88 81 53 8 4
1464615393 169 114 108 103 88 81 53 8 4
1464615414 169 115 108 103 88 81 53 8 4
1464615446 169 116 108 103 88 81 53 8 4
1464619698 169 116 108 103 88 82 53 8 4
1464619711 169 116 108 104 88 82 53 8 4
1464619731 169 116 108 105 88 82 53 8 4
1464620587 169 116 108 105 88 83 53 8 4
1464620920 169 116 109 105 88 83 53 8 4
1464621035 170 116 109 105 88 83 53 8 4
1464621442 171 116 109 105 88 83 53 8 4
1464621528 171 116 110 105 88 83 53 8 4
1464623266 172 116 110 105 89 83 53 8 4
1464624017 172 116 110 105 90 83 53 8 4
1464626827 172 117 110 105 90 83 53 8 4
1464626868 172 118 110 105 90 83 53 8 4
1464638497 172 118 111 105 90 83 53 8 4
1464639588 172 118 112 105 90 83 53 8 4
1464639786 173 118 112 105 90 83 53 8 4
1464640287 173 119 112 105 90 83 53 8 4
1464640296 173 120 112 105 90 83 53 8 4
1464640491 173 121 112 105 90 83 53 8 4
1464640566 173 122 112 105 90 83 53 8 4
1464641819 173 123 112 105 90 83 53 8 4
1464641839 173 124 112 105 90 83 53 8 4
1464642241 173 124 112 105 90 84 53 8 4
1464643421 173 125 112 105 90 84 53 8 4
1464644502 173 126 112 105 90 84 53 8 4
1464644594 173 127 112 105 90 84 53 8 4
