1462181630 56
1462187790 152
1462187811 153
1462187832 147
1462187949 2521
1462190584 2546
1462190995 2589
1462291674 2589
1462366464 2602
1462366501 2602
1462367299 2602
1462367374 2602
1462367553 2645
1462543145 2641
1462543822 2918
1462782354 3623
1462783916 3580
1462783978 3582
1462784068 3432
1462785312 3432
1462793814 3493
1462793826 3291
1462794743 3372
1462796772 3432
1462796785 4017
1462799312 4022
1462799980 4074
1462800807 4089
1462803087 4127
1462806923 4141
1462807010 4141
1462807632 4387
1462809384 4390
1462812785 4390
1462813311 4390
1462813327 4825
1462894280 4461
1462895067 6852
1462971902 6988
1462971936 7343
1463042505 7367
1463043724 7453
1463043831 7452
1463066135 8158
1463170273 8290
1463224582 8305
1463238724 8564
1463239100 8562
1463488908 8597
1463488945 9510
1463491886 9543
1463491999 9354
1463494561 9377
1463571892 9377
1463581765 9388
1463581797 9451
1463582250 9609
1463733788 9677
1463734336 9852
1463752246 10458
1463753386 10635
1463753398 10636
1463754932 10634
1463754944 11985
1463755637 11993
1463755660 12023
1463755810 12025
1463756205 12008
1463757026 12013
1463774075 12017
1463779127 12093
1463779972 12098
1463829814 12270
1463829896 12268
1463839531 12285
1463840641 12283
1463846567 12329
1463846573 12535
1463846822 12643
1463851741 12659
1463851746 12885
1463852877 12903
1463852896 12904
1463852898 12903
1463853034 12903
1463853284 12910
1463861520 12926
1463861525 12972
1463864089 12991
1463864357 12988
1463867823 13183
1463868142 13202
1463870090 13216
1463874618 13291
1463874870 13295
1463875016 13295
1463875991 11913
1463919553 12140
1463919976 12148
1463920067 12139
1463929372 12784
1463929676 13277
1463929707 13276
1463936387 13333
1463936920 13540
1463936961 13538
1463942706 13561
1463943040 16634
1463948475 16610
1463948499 16619
1463949050 16652
1463956197 16973
1463956436 17208
1463957071 17212
1464009517 17775
1464009818 17788
1464009865 17788
1464011784 17807
1464013033 17834
1464016585 17818
1464016629 17838
1464033064 18388
1464034133 18404
1464037463 18469
1464037474 18568
1464086842 18803
1464086903 18967
1464090722 18944
1464092988 18985
1464093011 19121
1464093048 19136
1464095161 19146
1464095202 19556
1464097271 19602
1464098808 19885
1464098854 19838
1464100675 19884
1464102163 19922
1464104242 19926
1464104277 20131
1464106295 20133
1464107455 20141
1464107518 20149
1464107741 20149
1464107762 20176
1464108829 20216
1464109235 20286
1464109783 20286
1464109796 20322
1464110082 20325
1464110106 20349
1464110253 20353
1464111665 20377
1464124630 20443
1464125475 20433
1464127794 20432
1464128413 20520
1464185177 20909
1464185802 20909
1464186894 20916
1464188334 20936
1464188353 20946
1464196883 21029
1464197427 21060
1464197440 21026
1464198182 21386
1464198291 21027
1464203458 21097
1464203483 21007
1464207330 21040
1464207415 21054
1464208980 21890
1464209848 21890
1464211529 21917
1464212982 21913
1464213010 21918
1464253481 21936
1464254935 21652
1464255847 21640
1464255857 22703
1464255975 21729
1464255999 21729
1464264406 21748
1464264415 21854
1464265570 21858
1464266937 21862
1464268214 21868
1464268224 22203
1464269022 22203
1464269044 22203
1464269210 22203
1464269831 22203
1464280718 22305
1464347662 22343
1464348551 22951
1464348576 22972
1464353550 23073
1464353565 23280
1464357791 23318
1464362126 23551
1464362154 23693
1464363578 23795
1464368070 23844
1464368138 23883
1464368280 26122
1464369323 26003
1464369779 26007
1464369841 26008
1464370835 26026
1464370872 26058
1464371146 26067
1464372201 26071
1464372229 26078
1464372700 26078
1464373941 25965
1464377105 25977
1464377576 25976
1464378148 25971
1464378697 25964
1464425122 25964
1464425128 26028
1464437735 26274
1464438486 26328
1464440653 26343
1464441035 26343
1464441574 26350
1464443337 26208
1464443364 26381
1464445593 26322
1464446104 26317
1464446129 26317
1464461574 26501
1464461667 27776
1464466289 27816
1464466314 27890
1464468482 31263
1464468543 34695
1464469716 34707
1464470041 34748
1464470666 34754
1464472050 34760
1464472778 34766
1464473468 34793
1464473725 34820
1464474125 34822
1464474137 34824
1464474429 34824
1464475844 34826
1464476923 35008
1464511063 61464
1464520573 61469
1464524655 61478
1464524752 61788
1464525105 67109
1464527827 67114
1464528735 60415
1464528844 56821
1464528924 60415
1464529356 56822
1464530564 56161
1464530809 56162
1464531150 56136
1464536568 56664
1464536955 56664
1464537118 56826
1464537842 56915
1464540212 56827
1464540741 56821
1464541781 56932
1464545097 56291
1464546925 56389
1464547272 56404
1464548491 56407
1464550567 56411
1464554011 56360
1464556423 56409
1464556562 56415
1464556984 56415
1464557450 56437
1464558687 56437
1464559728 56547
1464559902 56547
1464564861 57575
1464565079 57553
1464614531 57582
1464615393 57588
1464615446 57621
1464626827 57639
1464626868 57849
1464638497 57860
1464640287 57860
1464640296 57870
1464640491 57870
1464640566 57868
1464641819 57868
1464641839 57807
1464643421 57816
1464644502 58030
1464644594 58030
