1462181630 0 0 56 0 0 0 0 0 0
1462187790 0 103 56 0 0 0 0 0 0
1462187811 0 104 56 0 0 0 0 0 0
1462187832 0 104 56 0 0 0 0 0 0
1462187949 0 2478 56 0 0 0 0 0 0
1462190584 0 2478 81 0 0 0 0 0 0
1462190995 0 2478 126 0 0 0 0 0 0
1462291674 0 2478 128 0 0 0 0 0 0
1462366464 0 2494 128 0 0 0 0 0 0
1462366501 0 2505 128 0 0 0 0 0 0
1462367299 0 2507 128 0 0 0 0 0 0
1462367374 0 2508 128 0 0 0 0 0 0
1462367553 0 2551 128 0 0 0 0 0 0
1462543136 0 2551 129 0 0 0 0 0 0
1462543145 0 2551 129 0 0 0 0 0 0
1462543822 0 2828 129 0 0 0 0 0 0
1462782354 0 3533 129 0 0 0 0 0 0
1462783282 0 3533 129 0 0 0 46 0 0
1462783618 0 3533 129 0 0 0 46 181 0
1462783657 0 3533 129 0 0 0 46 181 0
1462783916 0 3533 129 0 0 0 46 181 0
1462783978 0 3536 129 0 0 0 46 181 0
1462784068 0 3536 129 0 0 0 46 181 0
1462785312 0 3536 129 0 140 0 46 181 0
1462785417 265 3536 129 0 140 0 46 181 0
1462785656 265 3536 129 0 140 0 46 181 0
1462792395 265 3566 129 0 140 0 46 181 0
1462792404 265 3566 129 0 140 0 46 181 0
1462793814 265 3566 129 0 201 0 46 181 0
1462793826 265 3566 129 0 201 0 46 181 0
1462794115 265 3566 129 0 201 0 116 181 0
1462794646 265 3566 129 0 201 0 116 181 0
1462794655 265 3566 129 0 201 0 206 181 0
1462794743 265 3566 129 0 283 0 206 181 0
1462794872 265 3566 129 0 283 0 206 181 0
1462796019 265 3566 129 0 283 0 495 181 0
1462796758 265 3566 129 0 283 0 619 181 0
1462796772 265 3566 129 0 343 0 619 181 0
1462796785 265 3566 129 0 343 0 619 181 0
1462799158 265 3566 129 0 343 0 660 181 0
1462799261 265 3566 129 0 343 0 660 181 0
1462799312 265 3566 129 0 355 0 660 181 0
1462799980 265 3566 129 0 355 0 660 181 0
1462800256 265 3566 129 0 355 0 697 181 0
1462800807 265 3566 129 0 370 0 697 181 0
1462803087 265 3566 129 0 413 0 697 181 0
1462803109 265 3566 129 0 413 0 697 181 0
1462803148 265 3582 129 0 413 0 697 181 0
1462803163 265 3582 129 0 413 0 697 181 0
1462803220 265 3582 129 0 413 0 697 181 0
1462803249 265 3582 129 0 413 0 697 181 0
1462803737 265 3582 129 0 413 0 697 181 0
1462806923 265 3582 129 0 428 0 697 181 0
1462807010 265 3582 129 0 429 0 697 181 0
1462807632 265 3582 129 0 429 0 697 181 0
1462809384 265 3582 129 0 429 0 773 181 0
1462812785 265 3582 131 0 429 0 773 181 0
1462813311 265 3582 133 0 429 0 773 181 0
1462813327 265 3582 568 0 429 0 773 181 0
1462881634 1460 3582 568 0 429 0 773 181 0
1462882247 1460 3582 568 0 429 0 773 181 0
1462891839 1848 3582 568 0 429 0 773 181 0
1462894280 1848 3582 568 0 429 0 1187 181 0
1462895067 1848 3582 568 0 429 0 1187 181 0
1462898546 1848 3582 571 0 429 0 1187 181 0
1462901867 1848 3582 571 0 429 0 1271 181 0
1462958187 1848 3582 571 0 429 0 1271 181 0
1462964298 1848 3582 571 0 429 0 1587 181 0
1462964320 1848 3582 571 0 429 0 1587 181 0
1462971902 2110 3582 571 0 429 0 1587 181 0
1462971936 2110 3582 571 0 429 0 1587 181 0
1463042505 2110 3582 642 0 429 0 1587 181 0
1463043724 2110 3582 740 0 429 0 1587 181 0
1463043831 2110 3582 745 0 429 0 1587 181 0
1463066135 2110 3582 745 0 429 0 2550 181 0
1463170273 2110 3582 745 0 429 0 2694 181 0
1463220409 2110 3582 745 0 429 0 2788 181 0
1463224582 2155 3582 745 0 429 0 2788 181 0
1463233088 2155 3582 745 0 429 0 3013 181 0
1463238724 2155 3582 745 0 429 0 3013 181 0
1463239100 2158 3582 745 0 429 0 3013 181 0
1463407246 2158 3582 876 0 429 0 3013 181 0
1463407396 2158 3582 876 0 429 0 3013 181 0
1463407734 2158 3582 877 0 429 0 3013 181 0
1463407854 2158 3582 880 0 429 0 3013 181 0
1463408418 2158 3582 994 0 429 0 3013 181 0
1463408511 2158 3582 994 0 429 0 3025 181 0
1463408709 2158 3582 994 0 429 0 3025 181 0
1463409652 2158 3582 998 0 429 0 3025 181 0
1463409827 2158 3582 1072 0 429 0 3025 181 0
1463416860 2158 3582 1072 0 429 0 3025 181 0
1463416922 2158 3582 1073 0 429 0 3025 181 0
1463416946 2158 3582 1075 0 429 0 3025 181 0
1463417042 2158 3582 1166 0 429 0 3025 181 0
1463417097 2158 3582 1168 0 429 0 3025 181 0
1463421292 2158 3582 1168 0 429 0 3025 181 0
1463421461 2158 3582 1172 0 429 0 3025 181 0
1463421564 2158 3582 1174 0 429 0 3025 181 0
1463421768 2158 3582 1185 0 429 0 3025 181 0
1463422160 2158 3582 1193 0 429 0 3025 181 0
1463422528 2158 3582 1203 0 429 0 3025 181 0
1463422701 2158 3582 1211 0 429 0 3025 181 0
1463422872 2158 3582 1215 0 429 0 3025 181 0
1463423289 2158 3582 1231 0 429 0 3025 181 0
1463423495 2158 3582 1232 0 429 0 3025 181 0
1463423524 2158 3582 1233 0 429 0 3025 181 0
1463423551 2158 3582 1234 0 429 0 3025 181 0
1463423882 2158 3582 1235 0 429 0 3025 181 0
1463424064 2158 3582 1427 0 429 0 3025 181 0
1463426527 2158 3582 1432 0 429 0 3025 181 0
1463486485 2158 3582 1432 0 429 0 3025 795 0
1463487422 2158 3582 1432 0 429 0 3039 795 0
1463488908 2364 3582 1432 0 429 0 3039 795 0
1463488911 2364 3582 1432 0 429 0 3039 795 0
1463488945 2364 3582 1432 0 429 0 3039 795 0
1463489989 2364 3582 1436 0 429 0 3039 795 0
1463490037 2364 3582 1454 0 429 0 3039 795 0
1463490546 2364 3582 1460 0 429 0 3039 795 0
1463491065 2364 3582 1470 0 429 0 3039 795 0
1463491886 2569 3582 1470 0 429 0 3039 795 0
1463491999 2569 3582 1470 0 429 0 3039 795 0
1463494561 2647 3582 1470 0 429 0 3039 795 0
1463562366 2647 3582 1470 0 429 0 3293 795 0
1463562406 2647 3582 1470 0 429 0 3293 795 0
1463571892 2653 3582 1470 0 429 0 3293 795 0
1463572029 2653 3582 1470 0 429 0 3293 795 0
1463578369 2815 3582 1470 0 429 0 3293 795 0
1463581765 2815 3582 1470 0 429 0 3293 795 50
1463581797 2815 3582 1470 0 429 0 3293 795 50
1463582248 2815 3582 1470 0 429 0 3491 795 50
1463582250 2815 3993 1470 0 429 0 3491 795 50
1463583124 2815 3993 1470 0 429 0 3491 795 50
1463584783 2815 3993 1470 0 429 0 3590 795 50
1463665586 2815 4461 1470 0 429 0 3590 795 50
1463667979 2815 4461 1470 0 429 0 4390 795 50
1463733788 3051 4461 1470 0 429 0 4390 795 50
1463734336 3051 4461 1470 0 429 0 4390 795 50
1463745461 3051 4461 1470 0 429 0 4390 795 50
1463745571 3051 4461 1470 0 429 0 4390 795 50
1463747216 3051 4461 1470 0 429 0 4390 795 50
1463748282 3051 4461 1470 0 429 0 4390 795 50
1463751047 3051 4464 1470 0 429 0 4390 795 50
1463751284 3051 4464 1470 0 429 0 4390 795 50
1463751378 3051 4464 1470 0 429 0 4390 795 50
1463751529 3051 4465 4081 0 429 0 4390 795 50
1463751649 3051 4465 4503 0 429 0 4390 795 50
1463752246 3051 4465 4503 0 429 0 4390 795 50
1463753017 3051 4466 4503 0 429 0 4390 795 50
1463753386 3051 4466 4503 0 429 286 4390 795 50
1463753398 3051 4466 4503 0 429 286 4390 795 50
1463754159 3051 4466 4503 0 429 286 4390 795 50
1463754278 3051 4466 4503 0 429 286 4390 795 50
1463754932 3051 4466 4503 0 429 329 4390 795 50
1463754944 3051 4466 4503 0 429 329 4390 795 50
1463755637 3051 4466 4503 0 429 337 4390 795 50
1463755660 3051 4466 4538 0 429 337 4390 795 50
1463755810 3051 4466 4538 0 429 339 4390 795 50
1463756205 3079 4466 4538 0 429 339 4390 795 50
1463757026 3087 4466 4538 0 429 339 4390 795 50
1463774075 3087 4466 4538 0 429 350 4390 795 50
1463779127 3185 4466 4538 0 429 350 4390 795 50
1463779972 3225 4466 4538 0 429 350 4390 795 50
1463822475 3225 4466 4539 0 429 350 4390 795 50
1463829814 3614 4466 4539 0 429 350 4390 795 50
1463829896 3614 4466 4539 0 429 350 4390 795 50
1463836455 3614 4466 4539 0 429 350 4390 795 50
1463839531 3614 4466 4539 0 429 367 4390 795 50
1463839977 3614 4980 4539 0 429 367 4390 795 50
1463840085 3614 4980 4539 0 429 367 4390 795 50
1463840641 3614 4980 4539 0 429 369 4390 795 50
1463840728 3614 5036 4539 0 429 369 4390 795 50
1463840771 3614 5036 4539 0 429 369 4390 795 50
1463846567 3750 5036 4539 0 429 369 4390 795 50
1463846573 3956 5036 4539 0 429 369 4390 795 50
1463846822 3956 5036 4539 0 429 369 4390 795 50
1463851741 3981 5036 4539 0 429 369 4390 795 50
1463851746 4207 5036 4539 0 429 369 4390 795 50
1463851806 4210 5036 4539 0 429 369 4390 795 50
1463852354 4215 5036 4539 0 429 369 4390 795 50
1463852877 4215 5036 4539 0 429 388 4390 795 50
1463852896 4215 5036 4539 0 429 388 4390 795 50
1463852898 4215 5036 4539 0 429 388 4390 795 50
1463853034 4215 5036 4539 0 429 389 4390 795 50
1463853284 4215 5036 4539 0 429 397 4390 795 50
1463854234 4247 5036 4539 0 429 397 4390 795 50
1463854410 4247 5036 4598 0 429 397 4390 795 50
1463861520 4247 5036 4598 0 429 414 4390 795 50
1463861525 4247 5036 4598 0 429 414 4390 795 50
1463864089 4247 5036 4598 0 429 452 4390 795 50
1463864357 4247 5036 4598 0 429 452 4390 795 50
1463867786 5630 5036 4598 0 429 452 4390 795 50
1463867823 5630 5036 4598 0 429 452 4390 795 50
1463868142 5630 5036 4598 0 429 473 4390 795 50
1463870090 5630 5036 4598 0 429 488 4390 795 50
1463874618 5630 5036 4708 0 429 488 4390 795 50
1463874870 5630 5036 4714 0 429 488 4390 795 50
1463875016 5630 5036 4715 0 429 488 4390 795 50
1463875991 5630 5036 4854 0 429 488 4390 795 50
1463906659 5630 5036 4854 106 429 488 4390 795 50
1463908636 5630 5036 4854 106 429 488 4390 795 50
1463919480 5630 5036 4854 106 429 510 4390 795 50
1463919553 5916 5036 4854 106 429 510 4390 795 50
1463919900 5916 5036 4854 106 429 511 4390 795 50
1463919976 5916 5036 4854 106 429 511 4390 795 50
1463920067 5916 5036 4854 106 429 511 4390 795 50
1463922561 5916 5036 4854 106 654 511 4390 795 50
1463922589 5916 5036 4854 106 654 511 4390 795 50
1463924434 5916 5195 4854 106 654 511 4390 795 50
1463924826 5916 5195 4854 106 654 511 4390 795 50
1463926277 5916 5195 4854 306 654 511 4390 795 50
1463926310 5916 5195 4854 306 654 511 4390 795 50
1463926602 5916 5195 4854 306 654 546 4390 795 50
1463926610 5916 5195 4854 306 654 546 4390 795 50
1463927977 5916 5195 4854 306 654 546 4390 795 50
1463928256 5916 5195 4854 306 654 572 4390 795 50
1463928280 5916 5195 4854 306 654 572 4390 795 50
1463929035 5916 5260 4854 306 654 572 4390 795 50
1463929133 5916 5261 4854 306 654 572 4390 795 50
1463929330 5916 5263 4854 306 654 572 4390 795 50
1463929372 6586 5263 4854 306 654 572 4390 795 50
1463929423 6586 5264 4854 306 654 572 4390 795 50
1463929436 6586 5265 4854 306 654 572 4390 795 50
1463929676 6586 5265 4854 306 654 572 4390 795 50
1463929707 6586 5265 4854 306 654 572 4390 795 50
1463929731 6586 5265 4854 306 654 589 4390 795 50
1463929755 6586 5265 4854 306 654 589 4390 795 50
1463931376 6586 5265 4854 306 654 617 4390 795 50
1463932801 6586 7854 4854 306 654 617 4390 795 50
1463933934 6586 8579 4854 306 654 617 4390 795 50
1463934771 6586 8579 4854 306 746 617 4390 795 50
1463934838 6586 8579 4854 306 746 617 4390 795 50
1463935146 6586 8579 4854 306 746 645 4390 795 50
1463935154 6586 8579 4854 306 746 645 4390 795 50
1463936062 6586 8579 4854 348 746 645 4390 795 50
1463936118 6586 8579 4854 348 746 645 4390 795 50
1463936165 6586 8579 4854 349 746 645 4390 795 50
1463936272 6586 8579 4854 351 746 645 4390 795 50
1463936387 6653 8579 4854 351 746 645 4390 795 50
1463936446 6653 8613 4854 351 746 645 4390 795 50
1463936920 6653 8613 4854 351 746 645 4390 795 50
1463936961 6654 8613 4854 351 746 645 4390 795 50
1463937150 6654 8613 4854 351 746 645 4390 795 50
1463937321 6654 8613 4854 351 746 645 4390 795 50
1463937535 6654 8613 5500 351 746 645 4390 795 50
1463941525 6654 8613 5500 351 746 645 4390 795 50
1463941540 6654 8613 5500 351 746 645 4390 795 50
1463942501 6654 8613 5500 351 746 1580 4390 795 50
1463942706 6703 8613 5500 351 746 1580 4390 795 50
1463943040 6703 8613 5500 351 746 1580 4390 795 50
1463947913 6703 8613 5507 351 746 1580 4390 795 50
1463947926 6703 8613 5513 351 746 1580 4390 795 50
1463948475 6703 8613 5513 351 759 1580 4390 795 50
1463948499 6703 8613 5513 351 759 1580 4390 795 50
1463949050 6703 8613 5587 351 759 1580 4390 795 50
1463949404 6703 8613 5587 351 771 1580 4390 795 50
1463949416 6703 8613 5587 351 771 1580 4390 795 50
1463949955 6703 8613 5587 351 776 1580 4390 795 50
1463950946 6703 8613 5769 351 776 1580 4390 795 50
1463951312 6703 8613 5770 351 776 1580 4390 795 50
1463951445 6703 8613 5792 351 776 1580 4390 795 50
1463951941 6703 8613 5792 351 793 1580 4390 795 50
1463951959 6703 8613 5792 351 793 1580 4390 795 50
1463955891 6703 8613 5810 351 793 1580 4390 795 50
1463956197 7100 8613 5810 351 793 1580 4390 795 50
1463956436 7100 8613 5810 351 793 1580 4390 795 50
1463957071 7126 8613 5810 351 793 1580 4390 795 50
1463960009 7126 8703 5810 351 793 1580 4390 795 50
1464009517 7126 8703 5810 351 793 2157 4390 795 50
1464009630 7132 8703 5810 351 793 2157 4390 795 50
1464009818 7132 8703 5810 351 793 2173 4390 795 50
1464009865 7132 8703 5810 351 793 2174 4390 795 50
1464011784 7132 8703 5810 351 793 2194 4390 795 50
1464012307 7132 8703 5810 351 793 2194 4390 795 50
1464012837 7132 8703 5810 351 797 2194 4390 795 50
1464012844 7132 8703 5810 351 797 2194 4390 795 50
1464013017 7132 8703 5810 351 797 2194 4390 795 50
1464013033 7132 8703 5810 351 797 2231 4390 795 50
1464013151 7132 8703 5810 351 798 2231 4390 795 50
1464013167 7132 8703 5810 351 798 2231 4390 795 50
1464013382 7132 8703 5810 351 798 2231 4390 795 50
1464013476 7132 8703 5810 351 798 2231 4390 795 50
1464016585 7132 8703 5810 351 798 2244 4390 795 50
1464016629 7132 8703 5810 351 798 2244 4390 795 50
1464033064 7132 8703 5810 910 798 2244 4390 795 50
1464034133 7132 8703 5810 946 798 2244 4390 795 50
1464035466 7132 8767 5810 946 798 2244 4390 795 50
1464036626 7132 8767 5810 1054 798 2244 4390 795 50
1464037342 7132 8767 5810 1084 798 2244 4390 795 50
1464037381 7240 8767 5810 1084 798 2244 4390 795 50
1464037463 7240 8767 5810 1084 798 2311 4390 795 50
1464037474 7240 8767 5810 1084 798 2311 4390 795 50
1464081847 7240 8767 5810 1084 849 2311 4390 795 50
1464081870 7240 8767 5810 1084 849 2311 4390 795 50
1464082062 7240 8767 5810 1084 849 2311 4390 795 50
1464082219 7240 8767 5810 1084 849 2311 4390 795 50
1464082472 7242 8767 5810 1084 849 2311 4390 795 50
1464086842 7242 8767 5810 1560 849 2311 4390 795 50
1464086903 7242 8767 5810 1560 849 2311 4390 795 50
1464087176 7242 8785 5810 1560 849 2311 4390 795 50
1464087453 7242 8787 5810 1560 849 2311 4390 795 50
1464088044 7242 8815 5810 1560 849 2311 4390 795 50
1464088752 7242 8815 5838 1560 849 2311 4390 795 50
1464088800 7242 8815 5838 1560 849 2311 4390 795 50
1464089557 7242 8815 5838 1560 849 2311 4390 795 50
1464089771 7242 8828 5838 1560 878 2311 4390 795 50
1464090636 7242 8828 5838 1560 880 2311 4390 795 50
1464090722 7242 8828 5838 1611 880 2311 4390 795 50
1464092791 7242 8828 5990 1611 880 2311 4390 795 50
1464092988 7242 8828 5990 1611 895 2311 4390 795 50
1464092994 7242 8828 5990 1611 898 2311 4390 795 50
1464093011 7242 8828 5990 1611 898 2311 4390 795 50
1464093048 7242 8828 5990 1611 898 2311 4390 795 50
1464094867 7242 8828 5990 1611 898 2358 4390 795 50
1464094879 7242 8828 6135 1611 898 2358 4390 795 50
1464094905 7242 8828 6135 1611 924 2358 4390 795 50
1464095161 7242 8828 6135 1634 924 2358 4390 795 50
1464095202 7242 8828 6135 1634 924 2358 4390 795 50
1464097271 7242 8828 6135 1634 924 2413 4390 795 50
1464098854 7530 9148 6440 1634 924 2413 4390 795 50
1464100675 7530 9148 6448 1634 924 2413 4390 795 50
1464102163 7640 9148 6448 1634 924 2413 4390 795 50
1464102726 7640 9362 6448 1634 924 2413 4390 795 50
1464102744 7640 9362 6448 1634 924 2413 4390 795 50
1464104158 7640 9362 6448 1671 924 2413 4390 795 50
1464104202 7640 9362 6448 1671 924 2413 4390 795 50
1464104242 7652 9362 6448 1671 924 2413 4390 795 50
1464104277 7652 9362 6448 1671 924 2413 4390 795 50
1464104629 7652 9362 6448 1681 924 2413 4390 795 50
1464105129 7652 9362 6448 1837 924 2413 4390 795 50
1464105653 7652 9366 6448 1837 924 2413 4390 795 50
1464106271 7652 9366 6448 1837 936 2413 4390 795 50
1464106295 7652 9366 6448 1837 936 2413 4390 795 50
1464106717 7652 9366 6448 1837 994 2413 4390 795 50
1464106839 7652 9366 6448 1837 1008 2413 4390 795 50
1464107455 7652 9366 6448 1837 1008 2413 4390 795 50
1464107482 7652 9366 6448 1917 1008 2413 4390 795 50
1464107518 7652 9366 6448 1917 1008 2413 4390 795 50
1464107684 7652 9366 6448 1929 1008 2413 4390 795 50
1464107725 7652 9366 6448 1929 1008 2413 4390 795 50
1464107741 7654 9366 6448 1929 1008 2413 4390 795 50
1464107762 7654 9366 6448 1929 1008 2413 4390 795 50
1464108829 7654 9366 6488 1929 1008 2413 4390 795 50
1464109235 7654 9366 6488 1929 1008 2599 4390 795 50
1464109444 7734 9366 6488 1929 1008 2599 4390 795 50
1464109630 7734 9366 6488 1929 1008 2599 4390 795 50
1464109783 7734 9366 6488 1929 1008 2601 4390 795 50
1464109791 7734 9366 6488 1929 1008 2601 4390 795 50
1464109796 7734 9366 6488 1929 1008 2601 4390 795 50
1464110082 7734 9366 6488 1929 1034 2601 4390 795 50
1464110106 7734 9366 6488 1987 1034 2601 4390 795 50
1464110133 7734 9383 6488 1987 1034 2601 4390 795 50
1464110253 7734 9383 6488 1997 1034 2601 4390 795 50
1464111665 7734 9383 6488 2101 1034 2601 4390 795 50
1464118389 7734 9383 6488 2101 1034 2601 4390 795 50
1464124630 7734 9383 6642 2101 1034 2601 4390 795 50
1464125475 7734 9383 6642 2101 1034 2601 4390 795 50
1464127794 7734 9383 6654 2101 1034 2601 4390 795 50
1464128413 8014 9383 6654 2101 1034 2601 4390 795 50
1464185177 8014 9383 7159 2101 1034 2601 4390 795 50
1464185802 8014 9383 7159 2101 1034 2601 4390 795 50
1464186894 8014 9383 7159 2101 1034 2626 4390 795 50
1464188334 8014 9383 7181 2101 1034 2626 4390 795 50
1464188353 8014 9383 7216 2101 1034 2626 4390 795 50
1464192331 8014 9383 7216 2101 1034 2626 4390 795 50
1464193546 8014 9383 7216 2101 1034 2626 4390 795 50
1464193758 8014 9383 7216 2101 1034 2626 4390 795 50
1464193957 8014 9385 7216 2101 1034 2626 4390 795 50
1464193985 8014 9385 7216 2101 1034 2626 4390 795 50
1464194170 8029 9385 7216 2101 1034 2626 4390 795 50
1464194425 8029 9385 7216 2101 1034 2626 4390 795 50
1464196845 8029 9385 7217 2101 1034 2626 4390 795 50
1464196883 8029 9385 7217 2219 1034 2626 4390 795 50
1464197353 8029 9385 7217 2219 1034 2626 4390 795 50
1464197397 8071 9385 7217 2219 1034 2626 4390 795 50
1464197427 8071 9385 7217 2219 1034 2626 4390 795 50
1464197440 8071 9385 7217 2219 1034 2626 4390 795 50
1464198182 8071 9385 7217 2581 1034 2626 4390 795 50
1464198291 8071 9385 7217 2581 1034 2626 4390 795 50
1464198541 8071 9385 7217 2581 1034 2626 4390 795 50
1464198579 8071 9385 7217 2581 1034 2626 4390 795 50
1464203458 8071 9385 7217 2711 1034 2626 4390 795 50
1464203483 8071 9385 7217 2711 1034 2626 4390 795 50
1464206055 8071 9385 7217 2711 1034 2638 4390 795 50
1464206113 8071 9412 7217 2711 1034 2638 4390 795 50
1464207330 8160 9412 7217 2711 1034 2638 4390 795 50
1464207415 8160 9412 7217 2711 1034 2638 4390 795 50
1464208980 8160 9412 8082 2711 1034 2638 4390 795 50
1464209848 8160 9412 8126 2711 1034 2638 4390 795 50
1464211529 8222 9412 8126 2711 1034 2638 4390 795 50
1464212513 8222 9412 8126 2711 1034 2653 4390 795 50
1464212796 8222 9412 8126 2711 1034 2654 4390 795 50
1464212801 8222 9412 8126 2711 1034 2654 4390 795 50
1464212982 8226 9412 8126 2711 1034 2654 4390 795 50
1464213010 8226 9412 8126 2711 1034 2654 4390 795 50
1464253481 8294 9412 8126 2711 1034 2654 4390 795 50
1464254935 8294 9412 8126 2716 1034 2654 4390 795 50
1464255847 8303 9412 8126 2716 1034 2654 4390 795 50
1464255857 9366 9412 8126 2716 1034 2654 4390 795 50
1464255975 9366 9412 8126 2816 1034 2654 4390 795 50
1464255981 9366 9412 8126 2816 1034 2654 4390 795 50
1464255999 9366 9412 8126 2816 1034 2654 4390 795 50
1464262936 9366 9412 8126 2934 1034 2654 4390 795 50
1464264406 9366 9412 8126 2934 1034 2685 4390 795 50
1464264415 9366 9412 8126 2934 1034 2685 4390 795 50
1464264438 9620 9412 8126 2934 1034 2685 4390 795 50
1464265457 9620 9412 8126 2934 1034 2685 4390 795 50
1464265570 9620 9412 8126 2934 1034 2702 4390 795 50
1464265594 9620 9412 8126 2934 1034 2702 4390 795 50
1464266937 9620 9412 8126 2934 1034 2715 4390 795 50
1464266956 9620 9412 8126 2934 1034 2715 4390 795 50
1464267832 9620 9412 8126 2934 1034 2715 4390 795 50
1464268214 9620 9412 8126 2934 1034 2740 4390 795 50
1464268224 9620 9412 8126 2934 1034 2740 4390 795 50
1464269022 9620 9412 8126 2934 1034 2741 4390 795 50
1464269044 9620 9412 8126 2934 1034 2742 4390 795 50
1464269210 9620 9412 8126 2934 1034 2744 4390 795 50
1464269831 9626 9412 8126 2934 1034 2744 4390 795 50
1464280718 9626 9412 8126 3046 1034 2744 4390 795 50
1464291849 9626 9412 8126 3046 1034 2759 4390 795 50
1464291884 9626 9412 8126 3046 1034 3359 4390 795 50
1464347432 9626 9412 8126 3046 1044 3359 4390 795 50
1464347662 9626 9412 8126 3091 1044 3359 4390 795 50
1464348238 9650 9412 8126 3091 1044 3359 4390 795 50
1464348551 9650 9412 8126 3091 1044 3359 4390 795 50
1464348576 9650 9412 8126 3091 1044 3359 4390 795 50
1464348732 9650 9412 8126 3091 1044 3359 4390 795 50
1464348775 9650 9412 8126 3091 1044 3359 4390 795 50
1464350049 9650 9412 8289 3091 1044 3359 4390 795 50
1464350151 9691 9412 8289 3091 1044 3359 4390 795 50
1464350193 9691 9412 8299 3091 1044 3359 4390 795 50
1464350848 9691 9412 8330 3091 1044 3359 4390 795 50
1464351209 9691 9412 8330 3091 1044 3359 4390 795 50
1464353550 9691 9412 8330 3216 1044 3359 4390 795 50
1464353565 9691 9412 8330 3216 1044 3359 4390 795 50
1464353872 9691 9412 8330 3216 1044 3359 4390 795 50
1464354416 9691 9569 8330 3216 1044 3359 4390 795 50
1464354472 9691 9569 8330 3216 1044 3359 4390 795 50
1464354725 9691 9587 8330 3216 1044 3359 4390 795 50
1464355593 9691 9587 8330 3216 1114 3359 4390 795 50
1464355788 9691 9587 8330 3216 1114 3359 4390 795 50
1464355824 9691 9587 8330 3216 1114 3359 4390 795 50
1464357791 9691 9587 8330 3273 1114 3359 4390 795 50
1464359906 9788 9587 8330 3273 1114 3359 4390 795 50
1464360447 9788 9587 8330 3273 1170 3359 4390 795 50
1464360464 9788 9587 8330 3273 1170 3359 4390 795 50
1464362126 9788 9587 8330 3273 1170 3359 4390 795 50
1464362154 9788 9587 8330 3273 1170 3359 4390 795 50
1464363578 9937 9587 8330 3273 1170 3359 4390 795 50
1464365432 9937 9587 8330 3274 1170 3359 4390 795 50
1464366747 9937 9587 8330 3274 1217 3359 4390 795 50
1464366886 9937 9587 8330 3274 1222 3359 4390 795 50
1464367135 9937 9587 8330 3287 1222 3359 4390 795 50
1464367172 9937 9587 8330 3287 1222 3359 4390 795 50
1464368070 9990 9587 8330 3287 1222 3359 4390 795 50
1464368106 9990 9587 8330 3287 1222 3359 4390 3179 50
1464368114 9990 9587 8330 3287 1222 3359 4390 3179 50
1464368138 9990 9587 8330 3287 1222 3359 4390 3179 50
1464368280 9990 9587 8330 3287 1222 3359 4390 3179 50
1464369323 10015 9587 8330 3287 1222 3359 4390 3179 50
1464369779 10091 9587 8330 3287 1222 3359 4390 3179 50
1464369841 10093 9587 8330 3287 1256 3359 4390 3179 50
1464370835 10114 9587 8330 3287 1256 3359 4390 3179 50
1464370872 10114 9587 8330 3287 1256 3359 4390 3179 50
1464371146 10126 9587 8330 3287 1256 3359 4390 3179 50
1464371403 10139 9587 8330 3287 1256 3359 4390 3179 50
1464372201 10139 9587 8330 3294 1256 3359 4390 3179 50
1464372229 10139 9587 8330 3294 1256 3359 4390 3179 50
1464372700 10139 9587 8330 3294 1256 3359 4390 3180 50
1464373941 10139 9587 8330 3294 1256 3359 4390 3764 50
1464377105 10139 9587 8330 3294 1269 3359 4390 3764 50
1464377576 10139 9587 8330 3294 1271 3359 4390 3764 50
1464377924 10139 9587 8330 3320 1271 3359 4390 3764 50
1464377950 10139 9587 8330 3320 1271 3359 4390 3764 50
1464378148 10145 9587 8330 3320 1271 3359 4390 3764 50
1464378697 10145 9587 8330 3320 1271 3359 4390 3764 50
1464380484 10145 9587 8331 3320 1271 3359 4390 3764 50
1464380908 10145 9587 8331 3338 1271 3359 4390 3764 50
1464381090 10145 9587 8331 3340 1271 3359 4390 3764 50
1464381255 10145 9587 8334 3340 1271 3359 4390 3764 50
1464385216 10145 9587 8334 3473 1271 3359 4390 3764 50
1464425122 10145 9587 8334 3473 1273 3359 4390 3764 50
1464425128 10145 9587 8334 3473 1273 3359 4390 3764 50
1464428301 10155 9587 8334 3473 1273 3359 4390 3764 50
1464428522 10155 9587 8334 3527 1273 3359 4390 3764 50
1464429269 10155 9587 8334 3527 1273 3359 4390 3764 50
1464429297 10155 9587 8334 3527 1273 3359 4390 3764 50
1464437735 10155 9587 8334 3527 1540 3359 4390 3764 50
1464438486 10155 9587 8334 3527 1540 3359 4390 3764 50
1464438763 10155 9587 8334 3554 1540 3359 4390 3764 50
1464440653 10155 9587 8334 3554 1563 3359 4390 3764 50
1464440788 10155 9587 8334 3554 1563 3359 4390 3764 50
1464441035 10155 9587 8334 3554 1565 3359 4390 3764 50
1464441390 10155 9587 8334 3554 1565 3359 4390 3764 50
1464441405 10155 9587 8334 3554 1565 3359 4390 3764 50
1464441574 10155 9587 8334 3554 1572 3359 4390 3764 50
1464442631 10279 9587 8334 3554 1572 3359 4390 3764 50
1464443171 10284 9587 8334 3554 1572 3359 4390 3764 50
1464443337 10284 9587 8334 3554 1601 3359 4390 3764 50
1464443364 10284 9587 8334 3554 1601 3359 4390 3764 50
1464445573 10284 9587 8334 3554 1609 3359 4390 3764 50
1464445593 10284 9587 8334 3631 1609 3359 4390 3764 50
1464446093 10284 9587 8334 3631 1622 3359 4390 3764 50
1464446104 10284 9587 8334 3631 1622 3359 4390 3764 50
1464446129 10284 9587 8334 3631 1622 3359 4390 3764 50
1464451429 10284 10746 8334 3631 1622 3359 4390 3764 50
1464451469 10284 10746 8334 3631 1622 3359 4390 3764 50
1464452320 10284 10746 8334 3737 1622 3359 4390 3764 50
1464452354 10284 10746 8334 3737 1622 3359 4390 3764 50
1464453595 10284 10746 8388 3737 1622 3359 4390 3764 50
1464455575 10284 11717 8388 3737 1622 3359 4390 3764 50
1464461574 10473 11717 8388 3737 1622 3359 4390 3764 50
1464461667 10473 11717 8388 3737 1622 3359 4390 3764 50
1464464123 10551 11717 8388 3737 1622 3359 4390 3764 50
1464466063 10558 11717 8388 3737 1622 3359 4390 3764 50
1464466289 10558 11717 8388 3866 1622 3359 4390 3764 50
1464466314 10558 11717 8388 3866 1622 3359 4390 3764 50
1464466751 10558 11717 8388 3866 1711 3359 4390 3764 50
1464466885 10558 11717 8388 3866 1711 3359 4390 3764 50
1464467494 10558 11717 8388 3866 1717 3359 4390 3764 50
1464468482 10558 11717 8388 7249 1717 3359 4390 3764 50
1464468543 10558 11717 8388 7249 1717 3359 4390 3764 50
1464469177 10558 11717 8439 7249 1717 3359 4390 3764 50
1464469659 10558 11717 8439 7249 1734 3359 4390 3764 50
1464469716 10558 11717 8439 7275 1734 3359 4390 3764 50
1464470041 10558 11717 8439 7275 1734 3359 4390 3764 50
1464470666 10566 11717 8439 7275 1734 3359 4390 3764 50
1464472050 10566 11717 8439 7297 1734 3359 4390 3764 50
1464472778 10566 11717 8439 7306 1734 3359 4390 3764 50
1464473468 10615 11717 8439 7306 1734 3359 4390 3764 50
1464473725 10615 11717 8439 7306 1734 3394 4390 3764 50
1464473873 10615 11717 8439 7306 1738 3394 4390 3764 50
1464474125 10624 11717 8439 7306 1738 3394 4390 3764 50
1464474137 10624 11717 8439 7306 1738 3394 4390 3764 50
1464474429 10625 11717 8439 7306 1738 3394 4390 3764 50
1464475297 10625 11717 8439 7349 1738 3394 4390 3764 50
1464475347 10625 11998 8439 7349 1738 3394 4390 3764 50
1464475558 10625 11998 8439 7352 1738 3394 4390 3764 50
1464475799 10625 11998 8439 7352 1738 4132 4390 3764 50
1464475809 10625 11998 8439 7352 1738 4132 4390 3764 50
1464475844 10631 11998 8439 7352 1738 4132 4390 3764 50
1464476099 10631 11998 34883 7352 1738 4132 4390 3764 50
1464476897 10631 11998 34883 7373 1738 4132 4390 3764 50
1464476923 10631 11998 34883 7373 1738 4132 4390 3764 50
1464477063 10631 12723 34883 7373 1738 4132 4390 3764 50
1464511063 10631 12723 34883 7373 1738 4132 4390 3764 50
1464512801 10631 12723 34886 7373 1738 4132 4390 3764 50
1464520573 10631 12723 34886 7373 1738 4132 4390 3764 50
1464523518 10631 12723 35189 7373 1738 4132 4390 3764 50
1464523642 10631 12723 35191 7373 1738 4132 4390 3764 50
1464524034 10634 12723 35191 7373 1738 4132 4390 3764 50
1464524655 10634 12723 35191 7412 1738 4132 4390 3764 50
1464524752 10634 12723 35191 7412 1738 4132 4390 3764 50
1464525105 10634 12723 40512 7412 1783 4132 4390 3764 50
1464526398 10634 12723 40512 7412 1793 4132 4390 3764 50
1464527046 10634 12723 40512 7412 1793 4139 4390 3764 50
1464527067 10638 12723 40512 7412 1793 4139 4390 3764 50
1464527800 10638 12723 40512 7412 1793 4139 4390 3764 50
1464527827 10638 12723 40512 7425 1793 4139 4390 3764 50
1464528735 10638 12723 40512 7425 1793 4139 4390 3764 50
1464528924 10638 12723 40512 7426 1793 4139 4390 3764 50
1464530564 10638 12723 41577 7426 1793 4139 4390 3764 50
1464530604 10658 12723 41577 7426 1793 4139 4390 3764 50
1464530696 10658 12881 41577 7426 1793 4139 4390 3764 50
1464530809 10658 12881 41577 7426 1793 4140 4390 3764 50
1464530845 10658 12881 41577 7426 1793 4140 4390 3764 50
1464530974 10658 12881 41577 7439 1793 4140 4390 3764 50
1464531150 10658 12881 41577 7439 1793 4140 4390 3764 50
1464531590 10658 12881 41577 7439 1793 4140 4390 3764 50
1464531608 10658 12881 41577 7439 1793 4140 4390 3764 50
1464531672 10658 12891 41577 7439 1793 4140 4390 3764 50
1464531791 10658 12891 41577 7439 1793 4140 4390 3764 50
1464532323 10658 12891 41577 7439 1793 4140 4390 3764 50
1464535239 10658 12891 41577 7439 1793 4140 4390 3764 50
1464535358 10658 12891 41577 7439 1793 4140 4390 3764 50
1464535398 10722 12891 41577 7439 1793 4140 4390 3764 50
1464536540 10722 12891 41577 7439 1793 4140 4390 3764 50
1464536568 10722 12891 41577 7439 1793 4140 4390 3764 50
1464536939 10731 12891 41577 7439 1793 4140 4390 3764 50
1464536950 10731 13055 41577 7439 1793 4140 4390 3764 50
1464536955 10731 13055 41577 7439 1793 4140 4390 3764 50
1464536963 10731 13055 41577 7439 1793 4140 4390 3764 50
1464537118 10731 13055 41577 7439 1793 4140 4390 3764 50
1464540179 10738 13055 41577 7439 1793 4140 4390 3764 50
1464540212 10738 13055 41577 7439 1793 4140 4390 3764 50
1464540741 10738 13055 41577 7439 2165 4172 4390 3764 50
1464541781 10738 13055 41577 7439 2221 4172 4390 3764 50
1464545097 10738 13055 42039 7439 2221 4172 4390 3764 50
1464546520 10738 13180 42039 7439 2221 4172 4390 3764 50
1464546599 10738 13180 42039 7439 2221 4172 4390 3764 50
1464546713 10738 13270 42039 7439 2221 4172 4390 3764 50
1464546737 10738 13473 42039 7439 2221 4172 4390 3764 50
1464546763 10738 13648 42039 7439 2221 4172 4390 3764 50
1464546783 10738 13860 42039 7439 2221 4172 4390 3764 50
1464546925 10738 13860 42039 7439 2221 4172 4390 3764 50
1464547272 10738 13860 42039 7439 2608 4172 4390 3764 50
1464547562 10738 13860 42039 7529 2608 4172 4390 3764 50
1464547894 10738 13860 42039 7529 2608 4172 4390 3764 50
1464547907 10738 13860 42085 7529 2608 4172 4390 3764 50
1464548129 10738 13860 42085 7529 2608 4174 4390 3764 50
1464548180 10765 13860 42085 7529 2608 4174 4390 3764 50
1464548491 10765 13860 42085 7529 2615 4174 4390 3764 50
1464548502 10765 13860 42085 7529 2615 4174 4390 3764 50
1464550567 10765 13860 42085 7529 2629 4174 4390 3764 50
1464552253 10765 13860 42085 7529 2629 4174 4390 3764 50
1464554002 10769 13860 42085 7529 2629 4174 4390 3764 50
1464554011 10769 13860 42085 7529 3098 4174 4390 3764 50
1464554212 10770 13860 42085 7529 3098 4174 4390 3764 50
1464554444 10770 13860 42085 7529 3098 4174 4390 3764 50
1464554514 10770 13860 42085 7529 3098 4174 4390 3764 50
1464554967 10770 13860 42085 7529 3098 4182 4390 3764 50
1464556303 10770 13860 42085 7529 3098 4182 4390 3764 50
1464556423 10770 14106 42085 7529 3098 4182 4390 3764 50
1464556562 10770 14106 42085 7529 3098 4182 4390 3764 50
1464556926 10770 14106 42085 7529 3098 4182 4390 3764 50
1464556984 10770 14107 42085 7529 3098 4182 4390 3764 50
1464557450 10770 14107 42085 7529 3098 4182 4390 3764 50
1464558687 10770 14107 42085 7529 3100 4182 4390 3764 50
1464559728 10770 14629 42085 7529 3100 4182 4390 3764 50
1464559902 10770 14629 42085 7529 3101 4182 4390 3764 50
1464563008 10825 14629 42085 7529 3101 4182 4390 3764 50
1464563348 10825 14629 42085 7529 3101 4182 4390 3764 50
1464564187 10825 14629 42085 7529 3101 4182 4390 3764 50
1464564861 10825 15658 42085 7529 3101 4182 4390 3764 50
1464565079 10825 15658 42085 7529 3101 4182 4390 3764 50
1464600576 10885 15658 42085 7529 3101 4182 4390 3764 50
1464607113 10885 15658 42085 7529 3101 4182 4390 3764 50
1464614531 10885 15705 42085 7529 3101 4182 4390 3764 50
1464615393 10885 15721 42085 7529 3101 4182 4390 3764 50
1464615414 10885 15721 42085 7529 3101 4182 4390 3764 50
1464615446 10885 15721 42085 7529 3101 4182 4390 3764 50
1464619698 10885 15721 42085 7529 3101 4240 4390 3764 50
1464619711 10885 15721 42085 7529 3101 4240 4390 3764 50
1464619731 10885 15721 42085 7529 3101 4240 4390 3764 50
1464620587 10885 15721 42085 7529 3101 4241 4390 3764 50
1464620920 10885 15721 42517 7529 3101 4241 4390 3764 50
1464621035 10930 15721 42517 7529 3101 4241 4390 3764 50
1464621442 10930 15721 42517 7529 3101 4241 4390 3764 50
1464621528 10930 15721 42952 7529 3101 4241 4390 3764 50
1464623266 10938 15721 42952 7529 3110 4241 4390 3764 50
1464624017 10938 15721 42952 7529 3133 4241 4390 3764 50
1464626827 10938 15793 42952 7529 3133 4241 4390 3764 50
1464626868 10938 15793 42952 7529 3133 4241 4390 3764 50
1464638497 10938 15793 43400 7529 3133 4241 4390 3764 50
1464639588 10938 15793 43406 7529 3133 4241 4390 3764 50
1464639786 10947 15793 43406 7529 3133 4241 4390 3764 50
1464640287 10947 15962 43406 7529 3133 4241 4390 3764 50
1464640296 10947 15962 43406 7529 3133 4241 4390 3764 50
1464640491 10947 15975 43406 7529 3133 4241 4390 3764 50
1464640566 10947 15975 43406 7529 3133 4241 4390 3764 50
1464641819 10947 15977 43406 7529 3133 4241 4390 3764 50
1464641839 10947 15977 43406 7529 3133 4241 4390 3764 50
1464642241 10947 15977 43406 7529 3133 4406 4390 3764 50
1464643421 10947 15987 43406 7529 3133 4406 4390 3764 50
1464644502 10947 15987 43406 7529 3133 4406 4390 3764 50
1464644594 10947 15988 43406 7529 3133 4406 4390 3764 50
